45 990
         0           1  0.68421
         0           2  0.19231
         0           3  0.67273
         0           4  0.18841
         0           5  0.24359
         0           6  0.26667
         0           7  0.16250
         0           8  0.17949
         0           9  0.09375
         0          10  0.25000
         0          11  0.23377
         0          12  0.23377
         0          13  0.25000
         0          14  0.25000
         0          15  0.14773
         0          16  0.20690
         0          17  0.09459
         0          18  0.08333
         0          19  0.07071
         0          20  0.09278
         0          21  0.11392
         0          22  0.12346
         0          23  0.07407
         0          24  0.08654
         0          25  0.08000
         0          26  0.08000
         0          27  0.20561
         0          28  0.12500
         0          29  0.12174
         0          30  0.08491
         0          31  0.11215
         0          32  0.11607
         0          33  0.14679
         0          34  0.08247
         0          35  0.07767
         0          36  0.08511
         0          37  0.06316
         0          38  0.10000
         0          39  0.09184
         0          40  0.05263
         0          41  0.08046
         0          42  0.07778
         0          43  0.06316
         0          44  0.06098
         1           2  0.19737
         1           3  0.69811
         1           4  0.19403
         1           5  0.33803
         1           6  0.25676
         1           7  0.16667
         1           8  0.18421
         1           9  0.15730
         1          10  0.25714
         1          11  0.34783
         1          12  0.34783
         1          13  0.25676
         1          14  0.25676
         1          15  0.15116
         1          16  0.21176
         1          17  0.09722
         1          18  0.17105
         1          19  0.13043
         1          20  0.16854
         1          21  0.13158
         1          22  0.14103
         1          23  0.07595
         1          24  0.07767
         1          25  0.13978
         1          26  0.13978
         1          27  0.12389
         1          28  0.18557
         1          29  0.11404
         1          30  0.07619
         1          31  0.14706
         1          32  0.16038
         1          33  0.13889
         1          34  0.08421
         1          35  0.07921
         1          36  0.07527
         1          37  0.05319
         1          38  0.09091
         1          39  0.10526
         1          40  0.05376
         1          41  0.09524
         1          42  0.07955
         1          43  0.10000
         1          44  0.06250
         2           3  0.29851
         2           4  0.13235
         2           5  0.13580
         2           6  0.15385
         2           7  0.11392
         2           8  0.11538
         2           9  0.13636
         2          10  0.16438
         2          11  0.15385
         2          12  0.15385
         2          13  0.13924
         2          14  0.13924
         2          15  0.11628
         2          16  0.12360
         2          17  0.13433
         2          18  0.13158
         2          19  0.12222
         2          20  0.16092
         2          21  0.09211
         2          22  0.10256
         2          23  0.07895
         2          24  0.09091
         2          25  0.10753
         2          26  0.10753
         2          27  0.09735
         2          28  0.13131
         2          29  0.09735
         2          30  0.13402
         2          31  0.09615
         2          32  0.11111
         2          33  0.13208
         2          34  0.13636
         2          35  0.12766
         2          36  0.08989
         2          37  0.04348
         2          38  0.09375
         2          39  0.08511
         2          40  0.04396
         2          41  0.14103
         2          42  0.09524
         2          43  0.05495
         2          44  0.06494
         3           4  0.22581
         3           5  0.24658
         3           6  0.30882
         3           7  0.19178
         3           8  0.21127
         3           9  0.11236
         3          10  0.31250
         3          11  0.27143
         3          12  0.27143
         3          13  0.28986
         3          14  0.28986
         3          15  0.15854
         3          16  0.22222
         3          17  0.13636
         3          18  0.11842
         3          19  0.09890
         3          20  0.13636
         3          21  0.12329
         3          22  0.13333
         3          23  0.08000
         3          24  0.08081
         3          25  0.08511
         3          26  0.08511
         3          27  0.11818
         3          28  0.13265
         3          29  0.10811
         3          30  0.11224
         3          31  0.09709
         3          32  0.11215
         3          33  0.12264
         3          34  0.11236
         3          35  0.10526
         3          36  0.09091
         3          37  0.05556
         3          38  0.10638
         3          39  0.10989
         3          40  0.05618
         3          41  0.11392
         3          42  0.10976
         3          43  0.06742
         3          44  0.05195
         4           5  0.42105
         4           6  0.27419
         4           7  0.60417
         4           8  0.76744
         4           9  0.17105
         4          10  0.32143
         4          11  0.25397
         4          12  0.25397
         4          13  0.23438
         4          14  0.23438
         4          15  0.10390
         4          16  0.18667
         4          17  0.22642
         4          18  0.20968
         4          19  0.21622
         4          20  0.21622
         4          21  0.18033
         4          22  0.17188
         4          23  0.09231
         4          24  0.10227
         4          25  0.21053
         4          26  0.21053
         4          27  0.07619
         4          28  0.14773
         4          29  0.10784
         4          30  0.20732
         4          31  0.07292
         4          32  0.05825
         4          33  0.12371
         4          34  0.14103
         4          35  0.13095
         4          36  0.04878
         4          37  0.04938
         4          38  0.10588
         4          39  0.10976
         4          40  0.05000
         4          41  0.11429
         4          42  0.10959
         4          43  0.04938
         4          44  0.05970
         5           6  0.28767
         5           7  0.35294
         5           8  0.37879
         5           9  0.18182
         5          10  0.36923
         5          11  0.51613
         5          12  0.51613
         5          13  0.36232
         5          14  0.36232
         5          15  0.16279
         5          16  0.28395
         5          17  0.12676
         5          18  0.23288
         5          19  0.20690
         5          20  0.20690
         5          21  0.14474
         5          22  0.16883
         5          23  0.07500
         5          24  0.09804
         5          25  0.21591
         5          26  0.21591
         5          27  0.08475
         5          28  0.38095
         5          29  0.11304
         5          30  0.14000
         5          31  0.14563
         5          32  0.12727
         5          33  0.13761
         5          34  0.10638
         5          35  0.11111
         5          36  0.07447
         5          37  0.05263
         5          38  0.09000
         5          39  0.10417
         5          40  0.05319
         5          41  0.09412
         5          42  0.07865
         5          43  0.09890
         5          44  0.04878
         6           7  0.23288
         6           8  0.23611
         6           9  0.25926
         6          10  0.29851
         6          11  0.26027
         6          12  0.26027
         6          13  0.26027
         6          14  0.26027
         6          15  0.15294
         6          16  0.22892
         6          17  0.13043
         6          18  0.11392
         6          19  0.10753
         6          20  0.13187
         6          21  0.11842
         6          22  0.12821
         6          23  0.07692
         6          24  0.08911
         6          25  0.10526
         6          26  0.10526
         6          27  0.10526
         6          28  0.14000
         6          29  0.14545
         6          30  0.16667
         6          31  0.11538
         6          32  0.09910
         6          33  0.14019
         6          34  0.15909
         6          35  0.14894
         6          36  0.06452
         6          37  0.06522
         6          38  0.09184
         6          39  0.09474
         6          40  0.08989
         6          41  0.12346
         6          42  0.13253
         6          43  0.07692
         6          44  0.09091
         7           8  0.50000
         7           9  0.14943
         7          10  0.28788
         7          11  0.23288
         7          12  0.23288
         7          13  0.21622
         7          14  0.21622
         7          15  0.12941
         7          16  0.16279
         7          17  0.20635
         7          18  0.19444
         7          19  0.17442
         7          20  0.18824
         7          21  0.13699
         7          22  0.14667
         7          23  0.07895
         7          24  0.12500
         7          25  0.17045
         7          26  0.17045
         7          27  0.08772
         7          28  0.14286
         7          29  0.10714
         7          30  0.19565
         7          31  0.08571
         7          32  0.07143
         7          33  0.11111
         7          34  0.13636
         7          35  0.12766
         7          36  0.05435
         7          37  0.05495
         7          38  0.08247
         7          39  0.09677
         7          40  0.05556
         7          41  0.11250
         7          42  0.10843
         7          43  0.05495
         7          44  0.05128
         8           9  0.15116
         8          10  0.27273
         8          11  0.23611
         8          12  0.23611
         8          13  0.34848
         8          14  0.34848
         8          15  0.09195
         8          16  0.16471
         8          17  0.19048
         8          18  0.19718
         8          19  0.20482
         8          20  0.20482
         8          21  0.15493
         8          22  0.14865
         8          23  0.08000
         8          24  0.09184
         8          25  0.20000
         8          26  0.20000
         8          27  0.06957
         8          28  0.14433
         8          29  0.09821
         8          30  0.18478
         8          31  0.07619
         8          32  0.06250
         8          33  0.11215
         8          34  0.13793
         8          35  0.12903
         8          36  0.05495
         8          37  0.05556
         8          38  0.09474
         8          39  0.10989
         8          40  0.04444
         8          41  0.10000
         8          42  0.09639
         8          43  0.04396
         8          44  0.05195
         9          10  0.11494
         9          11  0.17241
         9          12  0.17241
         9          13  0.09677
         9          14  0.09677
         9          15  0.14894
         9          16  0.09804
         9          17  0.17333
         9          18  0.24051
         9          19  0.24176
         9          20  0.21505
         9          21  0.11765
         9          22  0.11364
         9          23  0.14634
         9          24  0.13208
         9          25  0.23656
         9          26  0.23656
         9          27  0.14286
         9          28  0.21569
         9          29  0.21429
         9          30  0.22000
         9          31  0.17757
         9          32  0.13793
         9          33  0.11864
         9          34  0.25843
         9          35  0.24211
         9          36  0.05825
         9          37  0.03846
         9          38  0.05405
         9          39  0.07547
         9          40  0.08081
         9          41  0.13483
         9          42  0.08333
         9          43  0.06931
         9          44  0.09302
        10          11  0.70588
        10          12  0.70588
        10          13  0.70588
        10          14  0.70588
        10          15  0.16250
        10          16  0.32877
        10          17  0.21667
        10          18  0.18571
        10          19  0.13953
        10          20  0.18072
        10          21  0.15942
        10          22  0.18571
        10          23  0.08219
        10          24  0.08247
        10          25  0.14943
        10          26  0.14943
        10          27  0.09009
        10          28  0.23864
        10          29  0.10000
        10          30  0.18889
        10          31  0.09901
        10          32  0.10377
        10          33  0.14706
        10          34  0.15476
        10          35  0.15730
        10          36  0.11905
        10          37  0.06897
        10          38  0.09677
        10          39  0.10000
        10          40  0.05747
        10          41  0.11688
        10          42  0.11250
        10          43  0.06897
        10          44  0.06757
        11          12  1.00000
        11          13  0.70370
        11          14  0.70370
        11          15  0.15294
        11          16  0.29114
        11          17  0.14706
        11          18  0.25714
        11          19  0.19767
        11          20  0.24096
        11          21  0.18056
        11          22  0.18919
        11          23  0.07692
        11          24  0.08911
        11          25  0.20690
        11          26  0.20690
        11          27  0.09565
        11          28  0.34118
        11          29  0.11504
        11          30  0.14286
        11          31  0.14851
        11          32  0.14019
        11          33  0.15094
        11          34  0.14607
        11          35  0.14894
        11          36  0.11236
        11          37  0.06522
        11          38  0.09184
        11          39  0.10638
        11          40  0.06593
        11          41  0.10976
        11          42  0.09302
        11          43  0.10112
        11          44  0.06329
        12          13  0.70370
        12          14  0.70370
        12          15  0.15294
        12          16  0.29114
        12          17  0.14706
        12          18  0.25714
        12          19  0.19767
        12          20  0.24096
        12          21  0.18056
        12          22  0.18919
        12          23  0.07692
        12          24  0.08911
        12          25  0.20690
        12          26  0.20690
        12          27  0.09565
        12          28  0.34118
        12          29  0.11504
        12          30  0.14286
        12          31  0.14851
        12          32  0.14019
        12          33  0.15094
        12          34  0.14607
        12          35  0.14894
        12          36  0.11236
        12          37  0.06522
        12          38  0.09184
        12          39  0.10638
        12          40  0.06593
        12          41  0.10976
        12          42  0.09302
        12          43  0.10112
        12          44  0.06329
        13          14  1.00000
        13          15  0.15294
        13          16  0.29114
        13          17  0.14706
        13          18  0.14286
        13          19  0.10753
        13          20  0.14444
        13          21  0.14865
        13          22  0.17333
        13          23  0.07692
        13          24  0.07843
        13          25  0.11702
        13          26  0.11702
        13          27  0.08621
        13          28  0.23913
        13          29  0.09565
        13          30  0.14286
        13          31  0.10476
        13          32  0.10909
        13          33  0.14019
        13          34  0.14607
        13          35  0.14894
        13          36  0.12500
        13          37  0.07692
        13          38  0.09184
        13          39  0.10638
        13          40  0.06593
        13          41  0.09639
        13          42  0.09302
        13          43  0.06522
        13          44  0.07692
        14          15  0.15294
        14          16  0.29114
        14          17  0.14706
        14          18  0.14286
        14          19  0.10753
        14          20  0.14444
        14          21  0.14865
        14          22  0.17333
        14          23  0.07692
        14          24  0.07843
        14          25  0.11702
        14          26  0.11702
        14          27  0.08621
        14          28  0.23913
        14          29  0.09565
        14          30  0.14286
        14          31  0.10476
        14          32  0.10909
        14          33  0.14019
        14          34  0.14607
        14          35  0.14894
        14          36  0.12500
        14          37  0.07692
        14          38  0.09184
        14          39  0.10638
        14          40  0.06593
        14          41  0.09639
        14          42  0.09302
        14          43  0.06522
        14          44  0.07692
        15          16  0.16129
        15          17  0.15068
        15          18  0.13253
        15          19  0.12371
        15          20  0.14737
        15          21  0.09639
        15          22  0.09302
        15          23  0.13924
        15          24  0.52632
        15          25  0.12121
        15          26  0.12121
        15          27  0.12821
        15          28  0.16505
        15          29  0.11864
        15          30  0.14563
        15          31  0.15094
        15          32  0.15315
        15          33  0.14286
        15          34  0.13684
        15          35  0.12871
        15          36  0.11702
        15          37  0.07216
        15          38  0.09709
        15          39  0.07843
        15          40  0.13187
        15          41  0.11494
        15          42  0.13636
        15          43  0.08333
        15          44  0.11111
        16          17  0.17333
        16          18  0.15294
        16          19  0.11881
        16          20  0.14141
        16          21  0.13095
        16          22  0.13953
        16          23  0.14634
        16          24  0.08108
        16          25  0.12745
        16          26  0.12745
        16          27  0.08800
        16          28  0.19231
        16          29  0.09677
        16          30  0.14019
        16          31  0.13514
        16          32  0.12821
        16          33  0.13793
        16          34  0.13131
        16          35  0.14563
        16          36  0.07921
        16          37  0.08000
        16          38  0.07339
        16          39  0.07547
        16          40  0.04902
        16          41  0.08602
        16          42  0.07216
        16          43  0.08000
        16          44  0.05618
        17          18  0.76190
        17          19  0.39062
        17          20  0.41270
        17          21  0.12698
        17          22  0.12121
        17          23  0.22807
        17          24  0.14286
        17          25  0.37879
        17          26  0.37879
        17          27  0.10891
        17          28  0.16279
        17          29  0.13131
        17          30  0.20988
        17          31  0.10870
        17          32  0.11340
        17          33  0.12500
        17          34  0.18919
        17          35  0.18987
        17          36  0.04938
        17          37  0.05000
        17          38  0.05682
        17          39  0.05882
        17          40  0.07792
        17          41  0.16667
        17          42  0.15942
        17          43  0.06329
        17          44  0.07692
        18          19  0.54688
        18          20  0.57143
        18          21  0.12500
        18          22  0.12000
        18          23  0.19403
        18          24  0.13978
        18          25  0.53030
        18          26  0.53030
        18          27  0.10909
        18          28  0.25000
        18          29  0.12963
        18          30  0.18681
        18          31  0.14286
        18          32  0.14563
        18          33  0.12381
        18          34  0.18072
        18          35  0.18182
        18          36  0.04396
        18          37  0.04444
        18          38  0.05102
        18          39  0.06383
        18          40  0.06897
        18          41  0.16000
        18          42  0.13924
        18          43  0.09302
        18          44  0.06667
        19          20  0.50000
        19          21  0.10345
        19          22  0.10000
        19          23  0.11765
        19          24  0.13084
        19          25  0.73134
        19          26  0.73134
        19          27  0.13223
        19          28  0.27551
        19          29  0.18103
        19          30  0.20588
        19          31  0.12389
        19          32  0.10833
        19          33  0.10833
        19          34  0.21505
        19          35  0.20202
        19          36  0.05769
        19          37  0.04808
        19          38  0.05357
        19          39  0.07477
        19          40  0.03846
        19          41  0.10870
        19          42  0.08247
        19          43  0.06863
        19          44  0.04396
        20          21  0.12941
        20          22  0.12500
        20          23  0.13095
        20          24  0.16346
        20          25  0.48718
        20          26  0.48718
        20          27  0.11382
        20          28  0.21359
        20          29  0.14167
        20          30  0.18269
        20          31  0.13393
        20          32  0.19820
        20          33  0.13675
        20          34  0.18947
        20          35  0.20202
        20          36  0.05769
        20          37  0.04808
        20          38  0.05357
        20          39  0.07477
        20          40  0.10204
        20          41  0.10870
        20          42  0.12903
        20          43  0.10101
        20          44  0.06742
        21          22  0.65306
        21          23  0.10000
        21          24  0.08421
        21          25  0.10112
        21          26  0.10112
        21          27  0.07207
        21          28  0.09184
        21          29  0.08182
        21          30  0.09375
        21          31  0.11224
        21          32  0.08491
        21          33  0.12745
        21          34  0.11765
        21          35  0.09783
        21          36  0.05747
        21          37  0.07059
        21          38  0.09890
        21          39  0.10227
        21          40  0.05882
        21          41  0.10526
        21          42  0.07407
        21          43  0.05814
        21          44  0.06944
        22          23  0.09589
        22          24  0.08163
        22          25  0.09783
        22          26  0.09783
        22          27  0.07018
        22          28  0.10000
        22          29  0.07965
        22          30  0.09091
        22          31  0.10891
        22          32  0.09259
        22          33  0.12381
        22          34  0.10112
        22          35  0.09474
        22          36  0.07955
        22          37  0.08046
        22          38  0.11957
        22          39  0.13636
        22          40  0.06897
        22          41  0.11538
        22          42  0.08434
        22          43  0.06818
        22          44  0.08108
        23          24  0.10870
        23          25  0.11494
        23          26  0.11494
        23          27  0.11321
        23          28  0.09278
        23          29  0.10280
        23          30  0.10638
        23          31  0.17391
        23          32  0.17526
        23          33  0.09615
        23          34  0.11905
        23          35  0.11111
        23          36  0.05814
        23          37  0.02273
        23          38  0.04211
        23          39  0.05495
        23          40  0.08537
        23          41  0.13699
        23          42  0.08861
        23          43  0.08434
        23          44  0.11765
        24          25  0.14953
        24          26  0.14953
        24          27  0.11628
        24          28  0.13793
        24          29  0.16129
        24          30  0.15044
        24          31  0.12605
        24          32  0.12000
        24          33  0.13821
        24          34  0.11111
        24          35  0.13514
        24          36  0.10377
        24          37  0.07407
        24          38  0.09649
        24          39  0.11927
        24          40  0.12745
        24          41  0.11224
        24          42  0.13131
        24          43  0.07407
        24          44  0.10870
        25          26  1.00000
        25          27  0.12097
        25          28  0.30928
        25          29  0.18803
        25          30  0.23762
        25          31  0.15179
        25          32  0.11570
        25          33  0.11570
        25          34  0.22340
        25          35  0.23469
        25          36  0.05660
        25          37  0.06731
        25          38  0.05263
        25          39  0.08333
        25          40  0.04762
        25          41  0.11828
        25          42  0.09184
        25          43  0.06731
        25          44  0.05435
        26          27  0.12097
        26          28  0.30928
        26          29  0.18803
        26          30  0.23762
        26          31  0.15179
        26          32  0.11570
        26          33  0.11570
        26          34  0.22340
        26          35  0.23469
        26          36  0.05660
        26          37  0.06731
        26          38  0.05263
        26          39  0.08333
        26          40  0.04762
        26          41  0.11828
        26          42  0.09184
        26          43  0.06731
        26          44  0.05435
        27          28  0.14729
        27          29  0.34454
        27          30  0.15873
        27          31  0.10294
        27          32  0.12230
        27          33  0.36842
        27          34  0.14286
        27          35  0.14516
        27          36  0.09016
        27          37  0.03937
        27          38  0.06818
        27          39  0.06154
        27          40  0.08264
        27          41  0.07759
        27          42  0.08475
        27          43  0.07317
        27          44  0.10280
        28          29  0.20325
        28          30  0.42553
        28          31  0.17949
        28          32  0.14286
        28          33  0.15200
        28          34  0.25253
        28          35  0.27451
        28          36  0.08036
        28          37  0.07143
        28          38  0.05738
        28          39  0.06780
        28          40  0.05310
        28          41  0.10784
        28          42  0.07407
        28          43  0.11111
        28          44  0.04950
        29          30  0.23729
        29          31  0.14504
        29          32  0.11429
        29          33  0.22835
        29          34  0.22523
        29          35  0.31481
        29          36  0.07258
        29          37  0.07317
        29          38  0.08462
        29          39  0.09524
        29          40  0.09167
        29          41  0.11607
        29          42  0.11304
        29          43  0.07317
        29          44  0.08257
        30          31  0.15254
        30          32  0.10938
        30          33  0.13600
        30          34  0.34066
        30          35  0.30612
        30          36  0.09174
        30          37  0.08257
        30          38  0.07627
        30          39  0.08772
        30          40  0.07339
        30          41  0.12121
        30          42  0.10680
        30          43  0.08257
        30          44  0.06122
        31          32  0.58696
        31          33  0.13178
        31          34  0.11504
        31          35  0.13793
        31          36  0.08850
        31          37  0.07965
        31          38  0.06504
        31          39  0.08475
        31          40  0.10000
        31          41  0.09524
        31          42  0.10280
        31          43  0.14019
        31          44  0.06931
        32          33  0.14286
        32          34  0.10000
        32          35  0.11290
        32          36  0.07500
        32          37  0.05785
        32          38  0.04580
        32          39  0.05512
        32          40  0.09483
        32          41  0.09009
        32          42  0.08772
        32          43  0.13274
        32          44  0.07547
        33          34  0.12821
        33          35  0.14050
        33          36  0.08403
        33          37  0.05785
        33          38  0.10484
        33          39  0.08943
        33          40  0.11404
        33          41  0.10000
        33          42  0.09735
        33          43  0.08475
        33          44  0.14000
        34          35  0.78788
        34          36  0.06863
        34          37  0.08000
        34          38  0.05405
        34          39  0.06542
        34          40  0.07000
        34          41  0.13483
        34          42  0.09474
        34          43  0.04854
        34          44  0.06818
        35          36  0.07477
        35          37  0.09615
        35          38  0.06034
        35          39  0.09091
        35          40  0.07619
        35          41  0.13830
        35          42  0.11111
        35          43  0.05556
        35          44  0.07527
        36          37  0.14130
        36          38  0.16327
        36          39  0.15625
        36          40  0.06122
        36          41  0.07692
        36          42  0.06316
        36          43  0.09375
        36          44  0.08333
        37          38  0.21505
        37          39  0.12245
        37          40  0.09574
        37          41  0.08989
        37          42  0.09890
        37          43  0.07216
        37          44  0.05882
        38          39  0.50633
        38          40  0.08738
        38          41  0.07071
        38          42  0.05825
        38          43  0.07619
        38          44  0.05319
        39          40  0.07921
        39          41  0.08421
        39          42  0.07071
        39          43  0.07843
        39          44  0.07865
        40          41  0.14286
        40          42  0.25316
        40          43  0.15730
        40          44  0.18667
        41          42  0.27397
        41          43  0.24359
        41          44  0.33871
        42          43  0.19048
        42          44  0.16216
        43          44  0.23288
